x0 : 2.0
x1 : 3.1213202
x2 : 1.0
x3 : -1.1213204
